4997
5039
4996
5007
5002
4956
5064
5011
4946
5141
5038
5003
4919
5030
4993
4954
5015
4925
4988
4983
5073
5022
4918
4971
5030
4958
5010
5071
5006
5002
5031
4960
4999
4955
5020
5030
4958
4995
4899
4948
4983
4975
5020
4954
4950
5014
5079
4965
4944
4923
5014
4978
5047
4993
4990
5018
5097
4939
5010
4920
5035
5087
4997
5042
4930
5051
4951
5062
4982
5056
5041
5018
4981
4970
5097
4966
5009
5057
4920
5005
5063
4924
5088
5053
4963
4975
5026
4958
4994
5067
5087
5078
5147
4920
5016
4936
5012
4999
5062
5094
4943
5006
5062
5035
5047
5079
4948
5081
5051
4959
5089
5144
4982
5007
5004
4914
5050
5179
4991
4975
5106
4989
5074
4995
4950
5001
5008
5031
4956
4975
4900
5062
4970
4945
4958
4997
5055
5002
5052
4960
5004
5004
4976
4954
4978
5003
4917
4967
4892
5004
4976
4992
5047
5034
5100
4972
4836
5104
5054
5033
5047
4947
4947
4989
5005
5011
4993
4998
4977
4928
5004
4932
4962
4957
5044
5056
5010
5057
4947
5024
4904
4954
5041
5019
5076
5018
5007
5043
5044
5024
4920
4913
4971
5110
4992
5039
5082
5014
5067
4939
4953
5011
5057
4965
5057
4928
4944
4975
5056
5057
4965
5025
5006
4976
4951
5038
5026
5032
5024
5021
4972
4870
4990
5031
5079
4930
4980
4952
4915
4923
5053
5031
5066
4946
4988
4990
5042
5075
5037
4955
4910
5096
5076
5042
5001
5060
4921
4995
4977
5015
4988
4949
4963
4960
4964
5056
5026
5016
5021
4963
4839
4911
5011
5025
5017
4966
5053
4995
4946
5051
4921
5028
5035
5058
4960
5008
5065
5031
5104
5064
4932
5059
4940
4911
5030
4943
5059
5043
4961
5011
4988
4954
4978
5015
4998
5070
5078
5040
4949
5018
4936
4964
4947
4962
5075
5023
4964
5054
4926
5125
5047
5074
5041
4930
5025
5026
5088
5051
5084
4951
5002
4999
5030
4945
4934
4980
4987
5016
4998
5021
5025
4969
5110
5031
5033
5070
5016
4986
5036
4994
4953
4911
5118
5022
4920
5016
5079
5024
5089
4964
4936
4982
4978
4972
4999
5015
4975
4966
4976
4910
4959
5045
5006
4984
5064
5047
5046
4977
4999
5071
5042
4943
5022
4917
4916
5056
5057
5002
4951
4945
4981
5094
4965
5037
5018
4974
5073
5062
5057
4980
4969
5010
5019
4985
4938
5054
5024
4944
4856
5074
4969
4938
5031
5020
5071
4988
5047
5010
5067
5032
4938
4933
4975
5002
4927
4963
4993
5097
5010
5018
4969
4905
5007
4991
5025
5035
4999
5026
5061
4975
4916
4958
4933
4957
5049
5041
4895
5046
5026
4983
4974
4966
4983
5031
4997
5005
5027
4986
5008
5024
5006
5020
4994
4989
4903
5072
5003
5096
4992
4950
4942
4993
5175
4996
5046
4959
4969
4959
5117
4999
5079
4926
4975
5002
4989
5016
5046
4967
4939
5058
5022
5052
5078
5076
4982
4918
5123
4961
5056
4971
4912
5027
5022
4980
4884
4948
4969
5063
5005
5018
5100
4966
5087
4955
4981
5058
4921
5025
4982
4993
5107
5030
4992
5016
4999
5037
4972
4973
5053
5010
4934
5054
5017
4890
5071
5050
4948
4992
4923
4996
5058
5090
4978
4937
4998
5002
4973
5027
5055
4948
5028
5040
5034
4974
4822
4940
4993
5067
5084
5024
5060
4984
4977
5006
4866
5001
4961
5032
4968
4931
4886
4994
4997
4965
4930
4987
4927
5021
4965
4998
5069
5069
4976
4970
5015
4985
5006
4966
5077
5042
5124
4978
4994
5036
5070
5051
4967
4931
4976
4893
4961
4983
4893
5079
4976
5021
4992
5058
5007
5037
4987
4958
4970
4881
5017
5081
5022
5019
5038
4952
5032
5064
4941
5025
4974
4965
4961
5114
4947
4966
5045
4927
4999
5059
5015
5024
4983
5010
4986
4918
5083
5079
4978
4944
4995
4933
4896
5033
5073
4968
4992
4955
4986
4934
4985
5057
4948
5010
4914
4964
4929
5026
4901
5007
5020
4955
4995
5024
5065
4959
4977
4939
4915
4960
5023
4981
5056
5032
5013
5016
4954
5025
4972
5009
5061
4965
5032
5050
4956
5045
5025
5030
5135
5022
5000
5026
4980
4984
5072
5015
4914
4944
4940
4976
4924
4997
4927
4950
4951
5066
5143
5022
5066
4941
5082
4923
4998
4920
5051
5051
5083
5036
5129
5086
5027
5066
4942
5024
5046
4984
4985
4945
5130
4922
5008
4976
4952
5005
4983
5020
5011
5067
5064
4968
5000
4966
5032
5031
5045
5099
5042
4975
4898
5084
5083
5000
5023
4988
5013
4928
4974
5035
4990
5098
4975
5000
5070
4993
5039
5025
4973
4974
4988
4937
5024
4983
5029
5000
5029
5043
5052
5088
5015
5101
4979
4995
5029
5017
4936
4978
5043
5057
4918
5021
5040
5031
4995
4963
4984
5012
4994
5051
4979
5000
4962
4906
4914
4945
4970
4974
5041
5071
4906
5029
4903
4941
4995
5022
5003
4981
4976
4957
4991
4994
5088
5057
4956
5057
5048
5024
4934
4952
5001
5001
5033
5094
5021
5086
5014
5069
4994
5069
5017
5043
5023
4926
4979
5028
5025
5022
4960
5019
5081
5029
5045
4999
5050
4996
5010
5048
4974
4972
4947
5002
4999
4980
4993
5035
5005
5038
4963
5025
4988
4962
4958
5059
5003
4976
4910
5017
4955
4962
4925
5055
5020
5036
5012
5036
5021
5001
4978
4966
5019
4984
4891
5001
5026
5047
5006
4967
4977
4921
4900
4972
4949
5006
5003
4961
4954
4992
4994
5022
4893
4991
5084
5071
4973
5029
4950
5039
4941
4972
4982
4983
5011
4966
4986
5045
5001
5089
4982
5015
4987
4929
5064
4954
4959
5015
5045
4997
4923
4972
4987
5007
5073
5063
5070
5006
5065
4994
4989
5056
4960
4967
5117
5075
5048
4997
4997
5075
5043
4911
5078
5024
4959
4999
5028
4984
4961
5003
5056
4884
4972
4962
5015
4944
5032
4947
5014
5012
4942
5034
4922
4975
5075
5006
5043
5007
5042
5063
4970
4923
5038
5008
4998
4880
5048
5022
5044
5020
5006
4987
4992
5012
5101
4941
4994
4900
4959
4970
5035
4936
5040
4998
4958
5003
5010
5030
4954
4965
4951
5013
4966
5078
5096
5016
5034
5079
5041
4999
5027
4978
4924
5055
4968
5094
4990
4995
4947
5023
5050
4905
4999
5007
5098
5029
4989
5058
4924
5020
4983
4980
5059
4904
5042
5010
5032
4987
4989
5015
5022
5069
4970
5031
4908
5000
5023
5072
5054
4919
4900
4987
5131
5121
5054
5063
5023
4998
5004
5103
4995
4950
5012
4963
5020
4947
4946
4942
5030
5012
5049
4863
4953
5005
5053
5019
4927
5007
5078
4899
5047
4909
5099
5100
5005
4989
4990
4977
5013
5048
4998
5022
5049
4953
4987
5017
5043
4963
5078
5101
4980
4932
4932
4967
4995
4954
4998
4931
4970
4957
5035
5029
4996
4970
4908
5060
5005
5123
4973
4988
4990
4964
5008
4973
4994
4965
5010
4978
5021
4941
4967
4982
5007
4951
5017
4952
4971
5118
4973
5025
4985
4973
4849
4968
4949
4933
4997
4931
5018
5076
5085
5021
4966
4968
4989
4976
4947
5061
4983
5043
5017
4973
5025
4884
5038
4917
5050
4958
5068
5037
4959
4983
4964
5063
5031
4967
4977
5014
5009
4986
5039
5003
5055
4897
4980
5040
4923
5002
5024
4959
5040
5026
5048
5080
5082
5026
4940
4989
4992
5074
5006
5019
5006
5052
5083
5024
5026
4973
5049
4937
5008
5083
5093
5034
5064
5008
4998
4978
4999
5008
4981
5008
4940
5002
5008
5007
4942
4995
5086
5007
4989
5084
5047
4921
5051
4966
5003
5001
5059
5058
5002
5089
5060
5011
4950
5030
5014
4940
5049
4936
4936
4983
5093
4985
4988
4902
4965
5065
4927
4983
5039
5018
4927
4965
5013
5020
4988
5006
5034
5069
5013
5025
4973
5056
5066
5053
4944
4897
5034
5041
4984
4906
5006
4998
4987
5057
5007
4898
4949
4950
5035
4924
4971
4973
5001
5017
4967
4984
5007
5076
4963
4872
4977
5044
5017
5044
5012
5077
4913
4969
4999
4924
5071
4943
5061
4975
5030
5087
5061
4977
5001
4991
4999
4992
4960
4952
5045
4986
4934
4959
4952
4938
4989
5028
4987
4970
5032
5019
5066
5059
4970
5048
4951
4931
5015
5072
5102
5017
5039
4976
5081
5013
4996
5069
5026
5005
4931
4977
4941
4990
4981
4991
5007
5035
5036
5028
4955
4951
5032
4989
5007
5013
4954
5002
5033
5002
4953
5018
4956
5020
5045
5008
5013
4989
4969
4916
4947
4993
5061
4949
5004
5061
4997
5009
4908
4966
4995
4902
5016
5055
4992
5057
5037
4968
5038
5008
4984
5025
5018
4913
4962
4987
5022
4914
4935
4960
4873
5008
4982
5036
5035
4938
5075
4941
4992
4968
5068
4973
4967
4944
4920
4922
5075
5019
4975
4929
4929
5015
5049
4874
5037
5085
5020
4988
4953
5051
4953
4940
4904
5031
4915
4982
4930
4898
4957
5026
4999
4976
4994
4955
4979
4957
4991
4989
4934
4922
4929
4998
5013
5052
4984
4962
4964
5073
5055
5063
5036
5064
4971
4931
4928
4985
4940
4928
5048
5062
4964
4986
5039
5051
4962
4954
5027
4943
4998
4951
5120
5018
4946
5016
5089
5066
5061
4934
5053
5030
5026
5079
4997
5046
5059
5058
5044
4880
5029
5015
4966
4954
4976
4991
4995
4996
4937
5025
4957
5006
5027
5012
5112
5120
5017
5007
5088
4934
4981
4991
4935
5026
5111
5005
5004
4915
4923
4994
4922
4976
5070
5048
4982
4922
5037
4965
4980
5059
4963
4978
4972
4882
5017
4983
5010
5013
4978
5050
4880
5002
4939
5132
5038
5036
5016
5070
4972
5034
5042
4908
5003
5028
5021
5035
4982
4907
4989
5025
4940
4951
5021
4930
4951
5126
4952
4974
5056
4950
5042
5053
5051
4982
5011
4944
5059
5020
5028
4963
5014
5019
4872
4937
4950
5031
4897
4967
5093
4923
5084
4969
5045
4928
4930
4927
4971
5022
4984
4953
4953
5003
4957
5063
4985
4995
5018
4960
5073
4945
5025
5048
4919
4956
4993
5061
4946
5059
4994
5045
4984
5031
5052
4993
4934
4985
4932
5010
5075
5083
5102
5051
4950
5051
5070
5043
5031
5066
4969
5046
5024
4988
4985
5012
4976
4967
4892
4971
5032
5033
5018
5022
5017
4919
4921
5014
4982
4984
4949
5024
5006
5035
4969
4962
4932
4985
4993
4988
5022
5056
5039
5016
5054
5016
4954
4997
4895
4958
4930
4923
4987
4972
4985
4983
5044
4973
4921
5072
5025
5035
4964
5008
4987
4990
4907
4965
5068
5020
4969
5084
5013
4954
4924
4959
5003
5014
5003
5041
4945
5077
5016
5083
4945
4988
5045
5082
5036
4964
4980
5061
5000
5034
5072
4973
5090
5042
4956
4915
4899
5010
5056
5011
5050
5005
5007
4973
4952
4936
5002
5069
4956
4979
4954
5016
4986
4937
5074
4942
5006
4999
4922
5021
4943
5054
5026
4990
5066
5106
4963
5034
5108
5001
5023
5048
4978
5001
4973
5055
4985
4989
5078
4980
5031
4979
5033
5055
5047
5042
5035
5060
5049
4969
4992
5065
5001
4967
5160
4899
4952
4958
5049
5005
5034
4933
4981
4984
4967
4962
4952
4920
5035
4990
4968
4966
4986
4948
4920
4939
5089
5024
5010
5090
5001
4948
5013
4912
4978
5033
4972
4957
4949
4994
4924
5082
4956
5041
5021
5034
5047
4996
5053
4895
4980
5016
5033
4969
5059
5004
5018
4997
4928
5056
4958
5013
5046
4969
5014
5026
4965
5042
4986
5091
5095
5048
4992
5082
5064
5018
5044
4941
5024
4952
5061
4945
4990
5003
4927
5059
4925
5061
5015
5084
4958
5009
4995
4927
4956
4949
5003
4977
4954
5011
5078
4958
5001
4991
4969
4944
5069
5005
4966
5056
5035
5062
5015
4986
4946
4978
4949
4933
4975
4941
5084
5024
5022
4990
4902
4974
5064
4999
4866
4932
4979
4992
5109
5042
4903
5117
4961
5006
5009
4876
5075
4967
5006
4999
5021
4956
5089
5063
5008
4988
4991
5058
4946
4928
4910
4991
4947
5090
4967
4991
4980
4926
5100
5086
4945
4929
5139
4933
5049
5118
4965
4928
5079
4930
5050
5048
4991
5107
5045
4970
5037
5060
5098
5096
